+77080580476
+77003003323
+77080580401
+77070000103
+77012207943
+77010367744
+77022777571
+77075450110
+77015277788
+77074579507
+77479133808
+77075649150
+77475781103
+77476092949
+77475781103
+77757789999
+77018807660
+77774777775
+77077466404
+77762007878
+77067040536
+77776279842
+77476199649
+77009787000
+77078328489
+77758837445
+77056037451
+77058492259
+77717711559
+77015077725
+77071309679
+77080092359
+77028811111
+77023205522
+77756606679
+77002066625
+77755852354
+77073898848
+77770006262
+77475781103
+77001020600
+77066919677
+77076660028
+77475781103
+77473033303
+77023205522
+77071118262
+77067207943
+77772255942
+77010280003
+77073453183
+77717659535
+77072704126
+77758311044
+77051000535
+77023440416
+77072003496
+77077147116
+77079199420
+77018807768
+77013029258
+77473670992
+77471235757
+77475645262
+77471506010
+77752402440
+77475406030
+77081294393
+77081811119
+77078023924
+77475150904
+77052902020
+77477731346
+77088419735
+77074101147
+77019496008
+77001267000
+77473032600
+77019628080
+77775233030
+77715520707
+77071821616
+77027773842
+77076777109
+77770439030
+77076265811
+77473496116
+77789026652
+77072208000
+77016665275
+77768063377
+77020595810
+77073332266
+77073353876
+77072796060
+77475748394
+77764741940
+77080906090
+77753331771
+77714005924
+77777774447
+77011726333
+77016572276
+77719723550
+77005250930
+77003853963
+77077002805
+77781768170
+77713754551
+77476134611
+77771007096
+77055550055
+77078000368
+77019444700
+77083123333
+77717095078
+77475781103
+77789026652
+77761112585
+77082116902
+77717378263
+77073312020
+77712187883
+77001730703
+77718971448
+77009990103
+77074926414
+77003022230
+77016388862
+77773820855
+77023205522
+77004780848
+77710999992
+77476872844
+77014992030
+77010005005
+77715364508
+77081661610
+77768891889
+77778170337
+77472720601
+77781106622
+77786248921
+77470101530
+77001719898
+77070434242
+77073917290
+77773540499
+77770888085
+77475787696
+77086416718
+77073645252
+77475854020
+77075969977
+77076669892
+77773803670
+77025550222
+77787779081
+77055556253
+77078681988
+77714473737
+77477777801
+77055533345
+77014092722
+77081244291
+77079666074
+77007770720
+77085790715
+77089625806
+77018006898
+77070000022
+77072949110
+77778090033
+77478071446
+77072704120
+77073336629
+77470356461
+77054483875
+77009345464
+77056557757
+77009579910
+77071503787
+77018304025
+77715222201
+77073606049
+77055778477
+77773766882
+77770813268
+77079888832
+77477929228
+77783409384
+77753591099
+77476504891
+77023205522
+77029595053
+77007249599
+77078000569
+77751117776
+77010005005
+77713334343
+77029779001
+77072250653
+77073278363
+77009787000
+77051006058
+77758688888
+77080158315
+77072351649
+77055551816
+77008377855
+77752029050
+77010990330
+77054436454
+77719444251
+77766360090
+77761412020
+77017170991
+77075206262
+77778475511
+77007101100
+77474664398
+77002323146
+77021607634
+77029500399
+77071723808
+77017557664
+77072704119
+77071275645
+77088034343
+77710707035
+77021113346
+77472676722
+77002230368
+77475781103
+77478417725
+77014872907
+77001070015
+77080322230
+77010750808
+77005748370
+77005318833
+77781567578
+77082181001
+77072258974
+77054668980
+77017803366
+77772000272
+77479625803
+77073330583
+77072159660
+77002120668
+77006471520
+77005207000
+77077999988
+77011887171
+77475745020
+77477069539
+77771606036
+77785709110
+77472709019
+77079266356
+77089354880
+77471114626
+77023690959
+77011880101
+77788068686
+77770476688
+77777500099
+77476458767
+77013835354
+77780089060
+77052228880
+77770337068
+77077000608
+77078000529
+77750782222
+77751982829
+77080095729
+77474351247
+77018042211
+77475043838
+77071117738
+77076456679
+77781640307
+77071010233
+77078000468
+77051171144
+77476008002
+77083623371
+77760939046
+77083660965
+77051842164
+77782008153
+77771310216
+77760211717
+77074179734
+77017130283
+77074342909
+77770087705
+77057829036
+77082312008
+77075552277
+77087637008
+77051000004
+77020003671
+77080022202
+77077350799
+77011833333
+77712684426
+77074709088
+77014764895
+77079823874
+77067057575
+77474565635
+77005410295
+77083381318
+77072420778
+77073889005
+77082700219
+77773935012
+77472436567
+77054136955
+77005740562
+77479328909
+77004801414
+77021239474
+77009787000
+77001107770
+77000957040
+77760899256
+77775119797
+77711402880
+77010666010
+77077776100
+77718000065
+77717788886
+77080258501
+77017887096
+77750075959
+77079074396
+77477937381
+77056396172
+77055559241
+77776649380
+77074772888
+77070690402
+77008020257
+77017465975
+77089051545
+77080805577
+77758887509
+77080919141
+77473850622
+77782824898
+77087162222
+77756905675
+77074043901
+77019242652
+77772379585
+77753008505
+77009787000
+77029610083
+77027408888
+77022028008
+77015523313
+77053915080
+77071428978
+77074443304
+77077222416
+77010312431
+77009787000
+77079675121
+77472409070
+77000731313
+77770826540
+77074500451
+77078867448
+77076780878
+77776956024
+77477777736
+77762910201
+77770146722
+77015772880
+77056930458
+77077851818
+77713592626
+77779906061
+77770015342
+77003154444
+77088880260
+77757098919
+77051448929
+77066066633
+77789992828
+77079718455
+77081981698
+77074873000
+77079793232
+77776313232
+77475859955
+77471015278
+77071854239
+77008173747
+77473074270
+77754424886
+77479133681
+77471231403
+77475700705
+77776419988
+77074209764
+77775134707
+77471015299
+77774775555
+77777248870
+77088489587
+77472663078
+77714515319
+77000272323
+77783120535
+77079641331
+77478873719
+77057908522
+77019255595
+77755888838
+77758972919
+77084806036
+77003258885
+77002767573
+77479785680
+77071885055
+77023205522
+77776465788
+77074646563
+77474956165
+77717419563
+77072029151
+77070415263
+77771627733
+77715060392
+77014907798
+77027777857
+77066164625
+77474969212
+77470953333
+77710804343
+77003470010
+77765877711
+77052039991
+77712676127
+77717508888
+77080473449
+77077332073
+77072000389
+77003670557
+77075703575
+77076921109
+77751313225
+77473770909
+77007750540
+77009787000
+77472382585
+77019719181
+77777009001
+77089354886
+77089608701
+77476225054
+77471209291
+77781110305
+77073939385
+77719810281
+77478973207
+77086710664
+77017744446
+77472028444
+77077897777
+77086508078
+77003006088
+77712519516
+77054499539
+77777888885
+77003012121
+77771724343
+77011010949
+77075000421
+77753701213
+77477949121
+77073984316
+77079080926
+77075048389
+77073279098
+77071267785
+77471202043
+77014141471
+77473331774
+77478858220
+77001014767
+77071048888
+77788307375
+77775813036
+77002000204
+77015438080
+77010591029
+77715254411
+77009787000
+77074191919
+77476203789
+77712707557
+77051907880
+77780642242
+77080292020
+77473499211
+77712223938
+77014672373
+77077607273
+77073986723
+77471680505
+77071803166
+77009787000
+77001249404
+77775849000
+77075344052
+77058883815
+77757564815
+77472183225
+77756376737
+77711054799
+77080808808
+77082592397
+77086406121
+77077776350
+77474098451
+77712020808
+77009787000
+77777155510
+77770003332
+77076173666
+77071381055
+77085062605
+77024314229
+77011382424
+77474240827
+77474765933
+77477785533
+77002498837
+77760064906
+77078441757
+77778399903
+77776112227
+77071312201
+77770614026
+77016804465
+77087040515
+77771381887
+77472726793
+77775527683
+77075002696
+77071268652
+77071582886
+77071047727
+77716451005
+77051003710
+77054122106
+77085070758
+77005557997
+77018232715
+77717044007
+77776888222
+77021698332
+77772569392
+77066120898
+77009787000
+77028093636
+77029488860
+77017585521
+77711100050
+77015055122
+77775040715
+77012068937
+77473505050
+77001030008
+77712753949
+77074718888
+77026221417
+77015556622
+77079014400
+77008189060
+77772722190
+77016384077
+77071671124
+77018880070
+77781945556
+77755293884
+77777472852
+77013511146
+77770000911
+77013544499
+77024314229
+77080858080
+77074997367
+77077366511
+77476727721
+77002931268
+77071977070
+77007777550
+77071989703
+77009607161
+77074853110
+77716613171
+77079110105
+77475750855
+77775134466
+77479207571
+77065178966
+77014764896
+77078618800
+77785941207
+77027772859
+77751696297
+77756544042
+77772629999
+77015050033
+77088088877
+77778310808
+77077453600
+77023955511
+77785882244
+77715059999
+77073255333
+77003339245
+77075689709
+77022477424
+77077002282
+77710708103
+77786012874
+77750074156
+77758803382
+77075555503
+77774555559
+77775037755
+77080880033
+77071203636
+77077777171
+77479003009
+77019303335
+77071301175
+77079063033
+77479900272
+77779940811
+77018415353
+77471914160
+77779111557
+77473296110
+77028888896
+77000700038
+77000999378
+77078080825
+77073531919
+77784947526
+77757319464
+77472229425
+77086406121
+77074805868
+77077154242
+77056327988
+77782008242
+77475154797
+77072783555
+77781435261
+77023205522
+77478181810
+77771110882
+77017000354
+77089000283
+77089730501
+77009906835
+77079735553
+77024132563
+77075750720
+77717752576
+77009864292
+77753113847
+77473985050
+77051174010
+77784391240
+77077781000
+77782409999
+77019248774
+77759610042
+77056230378
+77774000686
+77476066030
+77770330730
+77074005674
+77081496762
+77013541103
+77787841515
+77070208218
+77753235120
+77751108555
+77082697100
+77017115438
+77053336066
+77759898071
+77015560990
+77021210100
+77717718883
+77077255218
+77009449290
+77770388603
+77774280749
+77711292564
+77072625552
+77756608242
+77776824466
+77086802638
+77009787000
+77472710101
+77017651991
+77479165448
+77011104020
+77757285573
+77471435883
+77751406747
+77754908476
+77011907358
+77051760331
+77081080012
+77007188870
+77071882021
+77714470258
+77761651244
+77789904788
+77019414442
+77003541172
+77778290404
+77057524738
+77475011980
+77051852134
+77757729027
+77072327978
+77023665974
+77774883168
+77079373420
+77006542724
+77077664941
+77075156485
+77086406121
+77016366636
+77750537377
+77073033343
+77711051760
+77016774723
+77772222305
+77017107330
+77074041354
+77075305123
+77766003292
+77471678008
+77471772013
+77057734373
+77071893645
+77082306171
+77064279705
+77055944291
+77079626151
+77073152772
+77710854313
+77776431133
+77012148784
+77073068038
+77085277256
+77088001217
+77770007074
+77781071420
+77007777009
+77072610409
+77072925351
+77766962626
+77716146582
+77053331999
+77075930003
+77717093027
+77054426372
+77058270883
+77003127707
+77088489578
+77476134879
+77756135255
+77711289162
+77070695353
+77019513500
+77022922288
+77087581182
+77075859992
+77018756498
+77087533863
+77085751635
+77715430293
+77717796868
+77080055050
+77756318717
+77474101462
+77021111662
+77000604247
+77715589982
+77755499969
+77779698818
+77002101002
+77712323485
+77076457828
+77029849054
+77073880920
+77058771366
+77771387701
+77018273333
+77776860888
+77710708120
+77776145067
+77755220509
+77089697234
+77784739587
+77077085506
+77075400016
+77782210752
+77012068656
+77718352610
+77771635241
+77754180777
+77078283830
+77073005057
+77053242222
+77777500369
+77778349944
+77013343254
+77088660448
+77713660962
+77018805288
+77760294111
+77014280134
+77072420250
+77781349427
+77079277828
+77002684882
+77051707859
+77004441824
+77478672287
+77073177490
+77072821787
+77012144332
+77002426584
+77057974730
+77478711344
+77013726558
+77052229922
+77075129024
+77472423926
+77753999700
+77017252560
+77775342670
+77077776151
+77771203320
+77752319900
+77009141414
+77081832919
+77072461652
+77005292829
+77000919141
+77074824118
+77089721515
+77078894541
+77072175965
+77770104455
+77070492258
+77066590992
+77025172571
+77088880190
+77772432039
+77089742931
+77016499344
+77077177224
+77071497584
+77083747557
+77472634697
+77052305050
+77053913147
+77010707660
+77477738543
+77770307070
+77078221633
+77077128166
+77714304696
+77016660455
+77003414000
+77711111142
+77717600617
+77077137155
+77015554504
+77019415051
+77770335837
+77717809437
+77479480470
+77774000191
+77471666067
+77010535511
+77718333114
+77476334946
+77010355656
+77057361707
+77787959955
+77017875545
+77712161576
+77771244834
+77081811790
+77473795998
+77018015088
+77054119191
+77077777972
+77751860990
+77753575920
+77479757017
+77073456152
+77089353525
+77089651863
+77075840208
+77015403339
+77758329452
+77478449414
+77087023456
+77018167272
+77753851621
+77058193882
+77018484274
+77783491802
+77074972020
+77470590453
+77752211653
+77075517191
+77013977888
+77474337926
+77781859994
+77478711344
+77072221497
+77012022400
+77023066688
+77076272727
+77073896022
+77022882219
+77778876325
+77773533655
+77781843696
+77073101775
+77018380867
+77478289071
+77076358437
+77473381481
+77717598061
+77088615899
+77757726037
+77773913290
+77027317287
+77079022546
+77474414112
+77475070705
+77021877077
+77072091985
+77071112399
+77476798363
+77011940164
+77074056907
+77070000103
+77055795202
+77719902281
+77013745560
+77014088444
+77471203465
+77477142727
+77073011087
+77022297755
+77770533111
+77475828896
+77072780009
+77717793901
+77710568788
+77751876827
+77076064477
+77073877971
+77769636654
+77478254553
+77718220707
+77077779921
+77017558032
+77066639765
+77073900099
+77010313644
+77472031725
+77007171007
+77776178365
+77022745288
+77013313171
+77056607250
+77471829216
+77076088866
+77059108060
+77776912347
+77017839592
+77009635131
+77029694444
+77084790006
+77075756828
+77003332625
+77772870457
+77755457935
+77773939889
+77053358751
+77473342080
+77017769458
+77752236961
+77760003043
+77066908451
+77478678095
+77075250132
+77017830676
+77477777848
+77776693895
+77012663777
+77770103000
+77772727744
+77718007762
+77084809988
+77783678888
+77475890118
+77774973432
+77051402011
+77028746968
+77010528888
+77012248820
+77066365619
+77476048506
+77055089858
+77079231919
+77751970801
+77077782516
+77055427474
+77788130620
+77074432055
+77719154371
+77760604466
+77711408820
+77471818315
+77770330039
+77773883042
+77077571414
+77017207001
+77770905434
+77071279058
+77774919949
+77768266000
+77089849029
+77089639668
+77017872216
+77013460216
+77007817777
+77778138052
+77071515141
+77029490004
+77760075270
+77017306732
+77064072950
+77474912735
+77089716392
+77026396666
+77028771047
+77471016370
+77075555383
+77079108373
+77075494100
+77071076363
+77015120800
+77776663766
+77479875717
+77017998787
+77714421815
+77775409770
+77078018565
+77472072057
+77055596122
+77772215250
+77471322871
+77765890555
+77078285748
+77762220413
+77717793933
+77782222247
+77760059302
+77051169351
+77025256634
+77026193842
+77076281089
+77006008069
+77019933390
+77713000986
+77011012341
+77075557590
+77022585215
+77019510484
+77071999035
+77757165550
+77017211313
+77472554490
+77787773357
+77750430484
+77710719214
+77756577777
+77079117929
+77754199333
+77478198861
+77072330340
+77052194242
+77771960989
+77078917183
+77773703730
+77079330105
+77021082222
+77781159678
+77474805576
+77711039526
+77071777666
+77714446343
+77071110450
+77788186555
+77076151438
+77000275127
+77089241701
+77075924040
+77012225700
+77478711344
+77473006446
+77472867553
+77771445445
+77773155631
+77073562235
+77717197701
+77011553791
+77770153142
+77004040074
+77770618322
+77761228432
+77078385121
+77473895207
+77021119102
+77478477172
+77781772820
+77471074251
+77718218264
+77073422067
+77077111858
+77002101030
+77053333818
+77772113150
+77072100513
+77753237625
+77082034858
+77771829384
+77075777007
+77075250546
+77478508530
+77777774412
+77477277187
+77770828381
+77473150324
+77777770517
+77022430173
+77775987080
+77024880594
+77001250287
+77015550468
+77082497907
+77772573340
+77083128549
+77011986681
+77786812923
+77026926633
+77017805717
+77011070255
+77074840139
+77073700038
+77017168864
+77776899949
+77474197986
+77759735052
+77079610700
+77028607757
+77075057007
+77715842050
+77077916821
+77714955500
+77767870221
+77772001302
+77013593329
+77088088840
+77777155540
+77000394949
+77055500259
+77004444423
+77013255614
+77712933888
+77472356192
+77019640924
+77077172320
+77086023432
+77001000257
+77770649867
+77079687985
+77078280403
+77071758168
+77017119343
+77078255835
+77081803671
+77012578749
+77072306591
+77011089331
+77079097876
+77077600010
+77015156275
+77015255251
+77477459131
+77003080014
+77018008244
+77070330311
+77073332075
+77052631608
+77006002026
+77756959118
+77789082956
+77771055546
+77071117752
+77022099885
+77079177277
+77023488398
+77717809437
+77768254886
+77776463333
+77772146655
+77758978939
+77775493323
+77478877720
+77073444863
+77770880081
+77758031666
+77751241010
+77770302743
+77017253663
+77016309009
+77087051885
+77471799119
+77017507200
+77716878474
+77771522255
+77077990934
+77085550180
+77081781093
+77076856960
+77077085588
+77013654838
+77083940501
+77072427785
+77019811919
+77477951709
+77072903011
+77770081998
+77776668643
+77053074242
+77771131161
+77012132940
+77073419990
+77017688001
+77787222222
+77083984053
+77776445544
+77479752091
+77773076697
+77478225891
+77783419525
+77074618888
+77786900484
+77717479422
+77477153435
+77067080057
+77750632308
+77772499595
+77078096652
+77007516807
+77018861100
+77773441616
+77088505139
+77010532777
+77053447167
+77003080014
+77472818525
+77771000350
+77477826527
+77015013233
+77056669633
+77072540004
+77777383030
+77074486660
+77017539435
+77780050031
+77010140730
+77785001693
+77077188080
+77072220216
+77774134589
+77014144374
+77779894551
+77075050010
+77001110930
+77776660217
+77473582628
+77778056706
+77779697288
+77023616797
+77479511728
+77772092000
+77072259840
+77073055177
+77056666965
+77077960020
+77066418550
+77778348383
+77003733032
+77014091132
+77026081026
+77760607090
+77770888186
+77077555563
+77715912863
+77006869091
+77781015452
+77075005833
+77471246976
+77477724308
+77770059898
+77079870505
+77057730579
+77078029296
+77771222228
+77059828805
+77787865555
+77773493111
+77003130555
+77773937591
+77477189464
+77778005533
+77770151413
+77058500075
+77755122222
+77058168719
+77077770254
+77779233331
+77025095559
+77058066064
+77711198310
+77059113968
+77027586454
+77078310001
+77471860000
+77011900993
+77772868728
+77072671757
+77770377716
+77784058097
+77066020542
+77077788094
+77088880301
+77478182354
+77058003090
+77088881716
+77086543117
+77472102110
+77017127852
+77750719059
+77777047718
+77072062727
+77077163043
+77771160014
+77013556644
+77075288004
+77474410383
+77054707043
+77052061420
+77778998896
+77087722007
+77022461723
+77079501090
+77074035856
+77075083000
+77071100019
+77052489957
+77058709459
+77078788844
+77024170782
+77029071881
+77022222566
+77080309108
+77711632652
+77010802223
+77025070000
+77716684587
+77075969795
+77476166466
+77475898815
+77075597925
+77770317320
+77007213053
+77012221798
+77054878078
+77003004504
+77476307661
+77054056684
+77776410280
+77476463390
+77071152951
+77476962403
+77754911615
+77778460333
+77761234381
+77775681133
+77719680206
+77023507450
+77078791201
+77002221117
+77077810099
+77719777707
+77057611730
+77078211540
+77772096099
+77473386576
+77075333063
+77077635474
+77017658392
+77057127581
+77759928655
+77015380505
+77772074150
+77078991119
+77770789094
+77025913570
+77073838329
+77753308686
+77775932423
+77017219324
+77000777811
+77071671757
+77713008826
+77475002210
+77479658113
+77472510412
+77712136640
+77789784191
+77072453728
+77079948574
+77477169424
+77756172417
+77013336617
+77784444767
+77010703103
+77074635001
+77078183480
+77770951088
+77066687663
+77773552044
+77773522200
+77073988223
+77472434724
+77775216333
+77770271135
+77757694601
+77003336805
+77471651883
+77781722803
+77473835289
+77768474165
+77772211612
+77715635949
+77082961457
+77055072235
+77476517556
+77778123477
+77771809020
+77003080014
+77089702509
+77785489763
+77770909363
+77013420417
+77071575778
+77779016070
+77058709459
+77712368542
+77077003865
+77789455917
+77012217721
+77018533333
+77015227864
+77477088880
+77012256729
+77075826077
+77073222575
+77786909007
+77715806573
+77067186460
+77004414184
+77010888832
+77075184819
+77089094050
+77004331995
+77071233405
+77786812931
+77012666709
+77081115040
+77475862135
+77470632596
+77055550360
+77071936762
+77013182543
+77472498242
+77711330925
+77018241933
+77004040074
+77007213930
+77471192091
+77775040715
+77085239055
+77028277655
+77013404156
+77473008125
+77711040004
+77762003222
+77474996652
+77754183257
+77071944184
+77758698117
+77071922522
+77076363631
+77476233740
+77757845089
+77077066119
+77717581973
+77013398239
+77778902722
+77772487151
+77005000823
+77471632715
+77083663187
+77777333322
+77052688827
+77066411475
+77752255555
+77471700369
+77020573978
+77719905174
+77085826863
+77780030030
+77784999799
+77028767173
+77775211471
+77077278514
+77001000656
+77022150402
+77478846807
+77757228909
+77780524348
+77772996040
+77011068148
+77074454991
+77777340134
+77076281089
+77077207555
+77015362525
+77027565780
+77083339970
+77085734993
+77475954099
+77775777754
+77053333082
+77072921899
+77012516362
+77084010101
+77479444631
+77072445763
+77782437491
+77781323442
+77074346339
+77077620835
+77781220440
+77471424396
+77086308215
+77081179366
+77475633667
+77072295940
+77770251767
+77075005266
+77787778389
+77073902009
+77081905845
+77052072615
+77017886264
+77776886526
+77055552048
+77015557769
+77051105170
+77478091499
+77477957298
+77079364257
+77077816763
+77087150089
+77477779154
+77077721776
+77772000587
+77059104242
+77075493111
+77472897485
+77071127030
+77473817707
+77753199207
+77003606000
+77017040420
+77472761803
+77777500809
+77762167802
+77078051098
+77072685608
+77017117471
+77054803222
+77016666041
+77077298616
+77473737730
+77074806191
+77053066812
+77473907841
+77471031339
+77717656353
+77770257753
+77772931519
+77771669968
+77475770242
+77773777570
+77475190456
+77762885169
+77758926865
+77014782220
+77751081566
+77057235245
+77474994931
+77477120307
+77771305093
+77054603439
+77471094701
+77055458874
+77786155055
+77479967032
+77003080014
+77777316806
+77078652115
+77772143692
+77059887012
+77783707048
+77471405050
+77719333388
+77071914284
+77054129452
+77710709952
+77087707717
+77788637118
+77070700081
+77029840303
+77089042527
+77754444405
+77755514808
+77010922223
+77712754877
+77071135899
+77070143232
+77777140117
+77787770370
+77774128389
+77015400645
+77011025463
+77718344483
+77772504675
+77775483438
+77052104775
+77072402277
+77770356567
+77717180312
+77019735472
+77478279471
+77017824647
+77074157565
+77052236064
+77074951087
+77027770866
+77019156632
+77473299899
+77762228770
+77789222229
+77771162100
+77025514376
+77005807080
+77767119393
+77778085000
+77078783877
+77479122066
+77479912890
+77773877771
+77755691959
+77052044040
+77003180848
+77058199147
+77054787778
+77715232312
+77078870156
+77471945039
+77073338039
+77017649439
+77012132257
+77760036447
+77052224331
+77471797078
+77771152564
+77477887572
+77019898595
+77779500004
+77008880887
+77071109320
+77769898595
+77783805560
+77058357264
+77777727776
+77779527961
+77072266010
+77001708588
+77772030444
+77089152378
+77012040665
+77479367104
+77012222644
+77078581699
+77019716661
+77786343072
+77772025702
+77089450743
+77079777356
+77771256660
+77761899000
+77475241239
+77026855965
+77756475021
+77474089085
+77088008173
+77474507959
+77471575739
+77056439979
+77056581677
+77078398480
+77003075778
+77714660669
+77069080898
+77471830785
+77052505554
+77471397086
+77008678839
+77073431259
+77774422392
+77010534000
+77076085488
+77080144584
+77083976378
+77479800327
+77014939007
+77058794600
+77076281089
+77750967038
+77052299097
+77770293135
+77712796727
+77718559179
+77273108417
+77273816933
+77750970814
+77059318812
+77272555999
+77279736045
+77273879217
+77273200200
+77273090477
+77756201786
+77072200202
+77273878547
+77273943307
+77273754009
+77052145554
+77750970721
+77777777743
+77272215146
+77272677577
+77272334505
+77006133013
+77089410808
+77750970709
+77272983900
+77009644745
+77029062237
+77071932727
+77272764314
+77750970741
+77089410876
+77750970820
+77750061405
+77774784921
+77273800236
+77273941285
+77273470150
+77272233773
+77066089867
+77072456199
+77074222807
+77088505605
+77273740203
+77272948106
+77272546364
+77007909099
+77772702071
+77273784809
+77771155551
+77718816774
+77771623586
+77076707121
+77070458747
+77083022278
+77273075363
+77272518197
+77475571975
+77025812917
+77015611652
+77076763101
+77272383555
+77756012073
+77012621802
+77760280379
+77012098004
+77075551515
+77010524747
+77786870909
+77081115040
+77273102816
+77076340751
+77009662404
+77076062428
+77272912807
+77750970764
+77073390006
+77750970776
+77472156750
+77773693563
+77017395034
+77017653641
+77019827804
+77277129135
+77074480276
+77005401313
+77478068122
+77474391158
+77754132289
+77282401328
+77776666533
+77071258688
+77086972678
+77272905098
+77759513234
+77068090100
+77758079032
+77004930370
+77478366321
+77776060779
+77003189388
+77071509342
+77772000556
+77017055214
+77471906151
+77774209991
+77076577557
+77712160088
+77475998880
+77054738948
+77019148771
+77072973298
+77273124545
+77272257521
+77272740488
+77079072245
+77776666624
+77010689136
+77273510538
+77273131094
+77272367977
+77272330649
+77475252909
+77775900363
+77475560086
+77083434960
+77470620200
+77777222282
+77084760414
+77011773572
+77768472270
+77052441539
+77079728984
+77273831812
